164.053
163.734
163.329
162.891
162.431
162.001
161.587
161.137
160.778
160.221
159.874
159.468
159.085
158.583
157.988
157.582
157.133
156.8
156.393
155.994
155.636
155.242
154.895
154.523
154.123
153.662
153.303
152.799
152.386
151.947
151.612
151.176
150.664
150.184
149.689
149.282
148.861
148.443
148.103
147.701
147.32
146.969
146.59
146.17
145.762
145.415
144.865
144.42
143.951
143.612
142.996
142.498
142.018
141.637
141.206
140.806
140.436
140.001
139.567
139.135
138.751
138.347
137.981
137.663
137.21
136.829
136.409
136.019
135.578
135.086
134.643
134.171
133.738
133.401
133.086
132.706
132.351
131.98
131.628
131.347
130.959
130.495
130.127
129.651
129.275
128.8
128.397
128.116
127.671
127.213
126.917
126.37
125.98
125.574
125.162
124.833
124.459
124.019
123.725
123.412
122.906
122.478
122.11
121.748
121.443
121.094
120.781
120.442
120.047
119.701
119.328
119.04
118.722
118.366
117.938
117.46
117.088
116.772
116.521
116.057
115.695
115.338
114.966
114.572
114.196
113.852
113.55
113.159
112.812
112.394
112.063
111.751
111.464
111.117
110.815
110.459
110.052
109.672
109.317
108.924
108.672
108.19
107.755
107.422
107.032
106.637
106.286
105.897
105.524
105.172
104.832
104.267
103.914
103.481
103.112
102.776
102.369
102.01
101.67
101.345
100.834
100.444
100.171
99.861
99.5177
99.1144
98.6738
98.3482
98.0014
97.6852
97.343
97.0086
96.6629
96.2295
95.8486
95.4974
95.2125
94.7536
94.4706
94.2056
93.888
93.5882
93.2956
92.9801
92.6493
92.4054
92.1073
91.8115
91.5132
91.1162
90.8202
90.5066
90.1804
89.8118
89.4637
89.2171
88.838
88.4793
88.1632
87.8832
87.5338
87.1888
86.7872
86.4772
86.1325
85.8453
85.4546
85.1182
84.6957
84.3498
84.0511
83.7277
83.4534
83.1155
82.8004
82.5155
82.2041
81.8979
81.6514
81.3526
81.0657
80.7844
80.4643
80.2413
79.8569
79.6071
79.292
79.0166
78.7336
78.4398
78.0907
77.6145
77.352
77.0584
76.7258
76.4504
76.1897
75.8863
75.6414
75.3171
74.9835
74.6789
74.4799
74.1427
73.8252
73.4867
73.1693
72.9023
72.7095
72.3869
72.1348
71.8602
71.5703
71.3257
71.0686
70.7468
70.4731
70.1967
69.874
69.5757
69.252
68.9281
68.6651
68.3435
67.9208
67.6692
67.3642
67.0053
66.7581
66.4891
66.2144
65.9124
65.6812
65.4103
65.2084
64.827
64.6006
64.3409
64.0813
63.8357
63.5773
63.2774
62.9929
62.7294
62.5126
62.2603
61.9467
61.6674
61.423
61.1886
60.9054
60.6949
60.4196
60.1846
59.933
59.6982
59.4383
59.1388
58.775
58.6043
58.3646
58.0934
57.7786
57.4943
57.2326
56.9141
56.6626
56.3838
56.1626
55.9575
55.7373
55.4813
55.2285
55.0572
54.8641
54.5837
54.3703
54.1003
53.8929
53.657
53.4174
53.1581
52.9246
52.7155
52.4996
52.2218
51.9943
51.7058
51.4294
51.2086
50.9414
50.7223
50.5126
50.3066
50.0678
49.799
49.6053
49.3755
49.0843
48.8428
48.5791
48.3241
48.114
47.9205
47.6882
47.4234
47.1973
46.9778
46.74
46.4854
46.2747
45.9882
45.8171
45.6046
45.4001
45.2216
45.0466
44.7939
44.5376
44.3384
44.0955
43.8954
43.7357
43.5464
43.1877
42.8786
42.674
42.4642
42.2169
42.0089
41.816
41.5424
41.3356
41.1214
40.929
40.7407
40.5076
40.2474
40.0829
39.8554
39.5737
39.3336
39.0808
38.8576
38.6044
38.3684
38.1823
38.025
37.8177
37.6239
37.4082
37.2127
37.0547
36.8198
36.6243
36.3983
36.2134
35.9938
35.8205
35.5916
35.3287
35.0826
34.91
34.7508
34.6027
34.3974
34.1897
34.0227
33.813
33.6065
33.4455
33.2453
33.1019
32.9319
32.7922
32.5785
32.4247
32.2212
31.9739
31.7834
31.583
31.411
31.159
30.9799
30.8111
30.5713
30.3964
30.2286
30.0654
29.8931
29.7008
29.5212
29.339
29.1649
28.9838
28.8053
28.668
28.462
28.2952
28.1498
27.9548
27.7796
27.6019
27.4297
27.2135
27.0087
26.8256
26.627
26.4544
26.3034
26.0926
25.8732
25.7155
25.5464
25.4143
25.2325
25.0733
24.9175
24.745
24.5619
24.4273
24.2424
24.0943
23.9571
23.764
23.5591
23.4177
23.2482
23.0616
22.9049
22.6889
22.5108
22.3676
22.2213
22.1003
21.9386
21.818
21.6808
21.4981
21.3675
21.2113
21.036
20.8001
20.6134
20.4805
20.3425
20.2028
20.0584
19.9044
19.7915
19.6273
19.4474
19.3069
19.1414
19.0207
18.8757
18.7416
18.597
18.4205
18.3092
18.1641
18.0413
17.9224
17.7581
17.6028
17.4694
17.2829
17.1476
17.0126
16.8807
16.7361
16.5985
16.4982
16.3226
16.181
16.061
15.9081
15.7122
15.5835
15.4194
15.2945
15.1675
15.0278
14.9009
14.7759
14.6651
14.5318
14.4035
14.3045
14.1283
13.9891
13.8286
13.6851
13.5073
13.3698
13.2561
13.1207
12.9633
12.8352
12.7094
12.5703
12.4376
12.3293
12.1869
12.0916
11.9623
11.8485
11.7304
11.6232
11.4988
11.3849
11.2732
11.1736
11.0335
10.9344
10.7939
10.6775
10.5735
10.4836
10.3652
10.2736
10.1726
10.0703
9.97013
9.90196
9.78066
9.6578
9.53396
9.42577
9.30895
9.19268
9.08693
8.96792
8.84248
8.74703
8.63468
8.55699
8.44158
8.32971
8.23702
8.13312
8.0165
7.92116
7.82789
7.74395
7.61468
7.50707
7.42529
7.32822
7.21391
7.11572
7.02372
6.94651
6.84742
6.74207
6.61557
6.52785
6.45256
6.3672
6.30414
6.21345
6.14298
6.07888
5.97633
5.88677
5.82373
5.74611
5.66471
5.57664
5.47092
5.40172
5.3343
5.23923
5.1589
5.08501
5.00365
4.93565
4.85763
4.78019
4.68696
4.61869
4.54997
4.49459
4.42332
4.3779
4.29837
4.22029
4.14435
4.07215
3.98942
3.91989
3.86511
3.79374
3.7435
3.68546
3.60604
3.54284
3.48187
3.41499
3.35416
3.30439
3.23929
3.18362
3.11204
3.05868
3.0092
2.96383
2.90337
2.84169
2.79239
2.70038
2.63369
2.57557
2.53285
2.48209
2.44285
2.39394
2.34456
2.30333
2.26452
2.2055
2.1291
2.07519
2.04057
2.00008
1.96142
1.92631
1.85108
1.80747
1.76863
1.72276
1.67739
1.65191
1.61478
1.57598
1.5272
1.48545
1.43817
1.39729
1.3522
1.31757
1.27588
1.22711
1.19232
1.16542
1.13439
1.10223
1.06699
1.03589
1.01253
0.984108
0.954929
0.922643
0.891624
0.86635
0.834883
0.792138
0.765489
0.728534
0.693391
0.671223
0.642279
0.609339
0.586999
0.565927
0.539498
0.515024
0.483717
0.456993
0.433929
0.413587
0.399432
0.382256
0.360341
0.338803
0.314179
0.298913
0.278967
0.261911
0.247924
0.233683
0.217396
0.206287
0.193086
0.180611
0.166157
0.147374
0.135876
0.124033
0.112937
0.100011
0.0895002
0.0782651
0.0709563
0.0644097
0.0581793
0.0482962
0.0403726
0.0355983
0.0289043
0.0243624
0.0213523
0.0186405
0.0155718
0.0128404
0.0104223
0.00731082
