467.305
467.141
466.983
466.85
466.709
466.566
466.408
466.265
466.118
465.956
465.819
465.675
465.551
465.379
465.222
465.097
464.958
464.777
464.64
464.496
464.342
464.196
464.053
463.911
463.757
463.613
463.455
463.304
463.157
463.011
462.86
462.694
462.557
462.389
462.228
462.09
461.933
461.775
461.635
461.478
461.337
461.174
461.017
460.848
460.692
460.529
460.388
460.21
460.003
459.846
459.693
459.521
459.395
459.241
459.064
458.913
458.766
458.618
458.457
458.309
458.155
458.007
457.867
457.729
457.576
457.376
457.251
457.085
456.933
456.779
456.625
456.48
456.329
456.194
456.053
455.912
455.765
455.605
455.446
455.274
455.133
454.985
454.823
454.66
454.499
454.364
454.237
454.079
453.879
453.731
453.571
453.387
453.256
453.1
452.973
452.815
452.687
452.547
452.416
452.25
452.118
451.986
451.838
451.684
451.528
451.373
451.225
451.089
450.946
450.775
450.633
450.471
450.329
450.169
450.041
449.874
449.732
449.575
449.428
449.292
449.152
449.018
448.863
448.719
448.58
448.442
448.274
448.122
447.973
447.823
447.689
447.527
447.403
447.234
447.103
446.949
446.804
446.668
446.508
446.381
446.221
446.066
445.904
445.739
445.576
445.404
445.234
445.103
444.95
444.809
444.661
444.53
444.397
444.253
444.111
443.943
443.791
443.648
443.496
443.355
443.187
443.051
442.903
442.767
442.642
442.501
442.337
442.189
442.039
441.907
441.761
441.636
441.493
441.351
441.213
441.088
440.945
440.828
440.692
440.566
440.396
440.253
440.105
439.962
439.781
439.651
439.488
439.368
439.231
439.087
438.95
438.813
438.666
438.513
438.357
438.22
438.075
437.899
437.763
437.615
437.465
437.319
437.176
437.022
436.872
436.721
436.595
436.457
436.322
436.176
436.026
435.884
435.732
435.569
435.431
435.29
435.147
434.988
434.84
434.659
434.507
434.343
434.218
434.074
433.933
433.798
433.652
433.477
433.324
433.159
433.026
432.872
432.734
432.601
432.436
432.291
432.133
431.982
431.853
431.715
431.569
431.448
431.315
431.167
431.028
430.871
430.717
430.567
430.423
430.261
430.098
429.959
429.788
429.656
429.519
429.378
429.199
429.048
428.9
428.75
428.619
428.481
428.335
428.191
428.069
427.923
427.776
427.625
427.496
427.341
427.201
427.061
426.92
426.785
426.636
426.483
426.309
426.132
425.983
425.854
425.698
425.575
425.441
425.284
425.132
424.964
424.807
424.673
424.519
424.361
424.218
424.055
423.903
423.776
423.635
423.492
423.35
423.201
423.072
422.937
422.802
422.64
422.478
422.326
422.193
422.002
421.872
421.727
421.593
421.454
421.31
421.165
421.034
420.896
420.725
420.573
420.435
420.313
420.167
420.007
419.878
419.744
419.611
419.452
419.29
419.168
418.989
418.856
418.666
418.541
418.403
418.255
418.112
417.965
417.829
417.694
417.546
417.41
417.283
417.13
416.998
416.867
416.744
416.59
416.453
416.286
416.139
415.999
415.865
415.711
415.567
415.416
415.287
415.161
415.011
414.853
414.704
414.548
414.427
414.308
414.148
413.997
413.841
413.719
413.58
413.443
413.3
413.141
413.012
412.877
412.749
412.594
412.442
412.322
412.139
412.007
411.84
411.695
411.559
411.411
411.271
411.14
411.008
410.887
410.756
410.605
410.478
410.344
410.196
410.045
409.913
409.769
409.63
409.487
409.339
409.199
409.078
408.938
408.811
408.655
408.509
408.366
408.221
408.097
407.947
407.816
407.689
407.526
407.389
407.262
407.106
406.945
406.809
406.69
406.527
406.387
406.231
406.097
405.967
405.826
405.689
405.565
405.42
405.279
405.114
404.979
404.842
404.704
404.563
404.433
404.287
404.161
404.008
403.879
403.75
403.606
403.462
403.34
403.215
403.088
402.93
402.811
402.657
402.527
402.372
402.215
402.092
401.927
401.803
401.678
401.555
401.415
401.286
401.129
400.994
400.863
400.716
400.584
400.431
400.275
400.134
399.988
399.841
399.7
399.555
399.416
399.301
399.146
399.004
398.874
398.733
398.559
398.425
398.279
398.132
397.986
397.852
397.696
397.544
397.405
397.28
397.164
397.016
396.875
396.71
396.564
396.399
396.26
396.114
395.989
395.847
395.682
395.561
395.422
395.262
395.127
394.995
394.867
394.731
394.6
394.464
394.332
394.194
394.054
393.913
393.789
393.652
393.494
393.35
393.217
393.084
392.945
392.808
392.665
392.526
392.384
392.268
392.11
391.971
391.858
391.724
391.57
391.433
391.285
391.147
391.01
390.87
390.744
390.606
390.465
390.346
390.223
390.098
389.945
389.828
389.702
389.577
389.435
389.305
389.173
389.02
388.867
388.692
388.544
388.412
388.286
388.153
388.019
387.886
387.753
387.613
387.482
387.342
387.209
387.075
386.94
386.786
386.621
386.492
386.355
386.23
386.103
385.965
385.829
385.694
385.576
385.417
385.286
385.148
385.021
384.893
384.773
384.622
384.487
384.319
384.182
384.019
383.887
383.757
383.64
383.518
383.398
383.278
383.139
382.984
382.866
382.713
382.58
382.435
382.302
382.149
382.004
381.859
381.735
381.6
381.44
381.317
381.181
381.055
380.926
380.783
380.655
380.526
380.383
380.271
380.13
379.988
379.863
379.695
379.554
379.398
379.275
379.134
379.001
378.862
378.739
378.602
378.458
378.331
378.169
378.023
377.893
377.769
377.629
377.502
377.369
377.241
377.117
376.982
376.854
376.729
376.605
376.482
376.356
376.217
376.087
375.969
375.839
375.707
375.566
375.439
375.317
375.174
375.042
374.917
374.805
374.67
374.534
374.381
374.254
374.111
373.984
373.858
373.712
373.576
373.445
373.312
373.169
373.048
372.911
372.77
372.635
372.485
372.349
372.181
372.059
371.897
371.755
371.628
371.497
371.377
371.241
371.122
370.965
370.843
370.719
370.59
370.458
370.33
370.215
370.075
369.934
369.783
369.647
369.514
369.374
369.243
369.114
368.958
368.814
368.664
368.522
368.382
368.257
368.131
368.008
367.885
367.741
367.617
367.464
367.328
367.213
367.069
366.952
366.822
366.689
366.57
366.437
366.316
366.184
366.066
365.92
365.785
365.66
365.514
365.399
365.259
365.103
364.981
364.849
364.709
364.579
364.451
364.297
364.16
364.028
363.884
363.763
363.633
363.496
363.374
363.248
363.12
362.993
362.875
362.745
362.623
362.472
362.313
362.173
362.038
361.893
361.76
361.64
361.519
361.382
361.25
361.124
360.998
360.853
360.722
360.605
360.452
360.34
360.209
360.057
359.92
359.798
359.656
359.525
359.416
359.277
359.151
359.034
358.9
358.729
358.578
358.44
358.31
358.181
358.055
357.912
357.781
357.645
357.525
357.386
357.254
357.097
356.945
356.771
356.644
356.523
356.398
356.277
356.153
356.005
355.883
355.759
355.622
355.505
355.371
355.235
355.114
354.976
354.85
354.701
354.549
354.414
354.28
354.143
354.022
353.898
353.777
353.648
353.522
353.41
353.29
353.145
353.012
352.899
352.777
352.647
352.515
352.383
352.276
352.167
352.046
351.931
351.808
351.681
351.563
351.454
351.295
351.161
351.029
350.882
350.753
350.604
350.47
350.336
350.194
350.086
349.96
349.819
349.708
349.572
349.46
349.347
349.225
349.109
348.994
348.877
348.757
348.622
348.488
348.371
348.257
348.135
348.021
347.886
347.762
347.614
347.46
347.33
347.223
347.093
346.979
346.841
346.706
346.555
346.412
346.286
346.15
346.018
345.897
345.757
345.639
345.517
345.398
345.283
345.172
345.043
344.897
344.727
344.599
344.469
344.345
344.223
344.087
343.964
343.815
343.674
343.531
343.424
343.297
343.182
343.059
342.923
342.791
342.662
342.509
342.367
342.249
342.128
342.004
341.897
341.75
341.629
341.503
341.386
341.237
341.114
340.982
340.855
340.713
340.592
340.463
340.339
340.188
340.008
339.88
339.756
339.641
339.506
339.381
339.231
339.109
338.994
338.862
338.734
338.608
338.487
338.366
338.233
338.11
337.989
337.834
337.714
337.593
337.465
337.311
337.173
337.035
336.908
336.764
336.649
336.523
336.409
336.259
336.132
336.006
335.874
335.747
335.617
335.485
335.348
335.216
335.099
334.967
334.854
334.721
334.586
334.449
334.333
334.209
334.1
333.964
333.841
333.718
333.581
333.459
333.32
333.179
333.056
332.919
332.791
332.651
332.531
332.372
332.259
332.123
332.015
331.865
331.756
331.631
331.506
331.388
331.265
331.143
330.998
330.845
330.728
330.613
330.474
330.348
330.217
330.099
329.987
329.864
329.738
329.617
329.505
329.387
329.269
329.151
329.025
328.893
328.764
328.649
