457.141
456.981
456.849
456.709
456.566
456.406
456.266
456.117
455.956
455.817
455.674
455.549
455.38
455.224
455.099
454.958
454.777
454.639
454.496
454.342
454.193
454.052
453.91
453.756
453.611
453.455
453.305
453.155
453.013
452.862
452.699
452.553
452.391
452.227
452.089
451.934
451.774
451.635
451.475
451.336
451.174
451.016
450.847
450.693
450.531
450.386
450.21
450.006
449.846
449.693
449.524
449.394
449.241
449.067
448.912
448.768
448.619
448.456
448.309
448.155
448.004
447.865
447.73
447.578
447.376
447.25
447.089
446.935
446.777
446.627
446.478
446.329
446.194
446.052
445.912
445.765
445.603
445.445
445.273
445.133
444.985
444.822
444.662
444.501
444.363
444.237
444.08
443.879
443.734
443.569
443.388
443.256
443.1
442.971
442.816
442.687
442.547
442.415
442.247
442.119
441.987
441.836
441.685
441.527
441.374
441.224
441.089
440.946
440.776
440.635
440.47
440.329
440.167
440.04
439.874
439.733
439.574
439.427
439.29
439.154
439.019
438.862
438.718
438.58
438.443
438.274
438.12
437.971
437.826
437.69
437.526
437.403
437.235
437.102
436.95
436.804
436.669
436.509
436.381
436.222
436.066
435.904
435.741
435.575
435.403
435.233
435.102
434.949
434.81
434.66
434.532
434.395
434.252
434.114
433.943
433.789
433.648
433.496
433.355
433.187
433.048
432.903
432.769
432.641
432.502
432.335
432.187
432.038
431.907
431.762
431.636
431.495
431.352
431.212
431.089
430.943
430.829
430.691
430.567
430.395
430.252
430.105
429.961
429.782
429.649
429.49
429.37
429.23
429.088
428.95
428.811
428.666
428.513
428.355
428.22
428.072
427.901
427.762
427.616
427.466
427.321
427.176
427.022
426.871
426.72
426.593
426.456
426.321
426.176
426.025
425.884
425.734
425.571
425.429
425.29
425.148
424.988
424.837
424.661
424.507
424.346
424.216
424.076
423.933
423.795
423.652
423.477
423.325
423.16
423.024
422.873
422.734
422.6
422.438
422.29
422.133
421.982
421.851
421.716
421.57
421.449
421.314
421.168
421.027
420.872
420.718
420.569
420.422
420.261
420.096
419.959
419.788
419.654
419.521
419.375
419.201
419.05
418.9
418.752
418.62
418.48
418.336
418.19
418.067
417.923
417.776
417.624
417.498
417.341
417.2
417.062
416.92
416.786
416.636
416.482
416.308
416.131
415.983
415.853
415.696
415.574
415.443
415.283
415.13
414.965
414.805
414.673
414.517
414.361
414.218
414.053
413.904
413.776
413.637
413.492
413.351
413.201
413.071
412.936
412.802
412.64
412.478
412.327
412.196
412.003
411.874
411.728
411.592
411.454
411.309
411.167
411.032
410.894
410.724
410.572
410.434
410.312
410.169
410.008
409.879
409.742
409.612
409.452
409.289
409.169
408.989
408.856
408.667
408.54
408.403
408.254
408.109
407.966
407.827
407.696
407.544
407.409
407.282
407.131
406.999
406.867
406.744
406.591
406.452
406.286
406.141
406.001
405.863
405.71
405.567
405.415
405.288
405.162
405.011
404.854
404.705
404.548
404.427
404.307
404.149
403.997
403.841
403.719
403.579
403.444
403.3
403.141
403.01
402.873
402.748
402.59
402.441
402.321
402.139
402.007
401.841
401.694
401.558
401.411
401.272
401.142
401.009
400.887
400.756
400.602
400.478
400.342
400.198
400.046
399.916
399.77
399.631
399.487
399.342
399.2
399.077
398.937
398.81
398.656
398.509
398.366
398.219
398.095
397.946
397.816
397.688
397.525
397.389
397.264
397.105
396.944
396.811
396.691
396.528
396.385
396.232
396.098
395.966
395.826
395.686
395.567
395.418
395.281
395.111
394.978
394.843
394.704
394.565
394.433
394.285
394.16
394.009
393.879
393.747
393.605
393.464
393.34
393.215
393.088
392.929
392.812
392.657
392.527
392.374
392.214
392.093
391.927
391.803
391.678
391.553
391.413
391.285
391.129
390.994
390.861
390.716
390.582
390.434
390.276
390.132
389.986
389.842
389.701
389.555
389.415
389.301
389.147
389.004
388.873
388.732
388.56
388.425
388.279
388.133
387.986
387.851
387.698
387.544
387.408
387.278
387.162
387.016
386.875
386.71
386.564
386.399
386.26
386.114
385.988
385.847
385.681
385.561
385.421
385.262
385.126
384.996
384.865
384.733
384.598
384.465
384.333
384.194
384.055
383.914
383.788
383.653
383.496
383.348
383.216
383.083
382.946
382.809
382.666
382.526
382.383
382.268
382.11
381.971
381.859
381.723
381.57
381.433
381.284
381.147
381.009
380.871
380.744
380.605
380.467
380.346
380.222
380.097
379.943
379.828
379.701
379.578
379.433
379.305
379.175
379.02
378.867
378.694
378.544
378.411
378.285
378.152
378.021
377.886
377.753
377.611
377.48
377.342
377.211
377.073
376.936
376.786
376.622
376.491
376.354
376.228
376.101
375.966
375.831
375.696
375.577
375.417
375.286
375.149
375.022
374.893
374.774
374.62
374.489
374.321
374.182
374.02
373.885
373.754
373.64
373.517
373.397
373.278
373.14
372.984
372.865
372.712
372.579
372.435
372.299
372.149
372.004
371.86
371.736
371.601
371.437
371.316
371.183
371.054
370.926
370.784
370.655
370.527
370.385
370.27
370.132
369.987
369.865
369.696
369.553
369.4
369.274
369.135
369.001
368.864
368.739
368.603
368.457
368.329
368.169
368.024
367.893
367.769
367.628
367.501
367.368
367.241
367.115
366.981
366.856
366.73
366.606
366.482
366.355
366.218
366.086
365.969
365.838
365.706
365.567
365.437
365.317
365.173
365.041
364.916
364.805
364.668
364.535
364.38
364.252
364.111
363.982
363.855
363.713
363.577
363.445
363.311
363.166
363.049
362.912
362.77
362.634
362.486
362.347
362.181
362.061
361.897
361.755
361.625
361.498
361.376
361.24
361.122
360.966
360.844
360.719
360.588
360.456
360.329
360.217
360.073
359.934
359.784
359.648
359.513
359.371
359.244
359.114
358.956
358.812
358.665
358.522
358.383
358.258
358.128
358.007
357.883
357.738
357.616
357.464
357.329
357.212
357.069
356.953
356.822
356.689
356.571
356.438
356.316
356.186
356.065
355.921
355.784
355.657
355.512
355.398
355.259
355.103
354.982
354.849
354.71
354.579
354.449
354.298
354.16
354.029
353.885
353.762
353.632
353.496
353.374
353.248
353.119
352.994
352.877
352.743
352.62
352.473
352.316
352.173
352.039
351.892
351.758
351.638
351.518
351.38
351.245
351.125
350.999
350.852
350.725
350.605
350.449
350.337
350.212
350.056
349.92
349.795
349.655
349.525
349.415
349.277
349.15
349.034
348.9
348.731
348.578
348.439
348.31
348.18
348.053
347.909
347.78
347.644
347.526
347.387
347.251
347.098
346.944
346.77
346.643
346.524
346.397
346.277
346.153
346.005
345.881
345.759
345.621
345.504
345.372
345.236
345.113
344.977
344.85
344.7
344.548
344.415
344.279
344.14
344.022
343.898
343.777
343.648
343.525
343.409
343.29
343.147
343.013
342.898
342.777
342.646
342.514
342.384
342.276
342.168
342.047
341.932
341.809
341.68
341.564
341.454
341.294
341.162
341.027
340.881
340.751
340.606
340.47
340.336
340.195
340.086
339.959
339.819
339.71
339.575
339.461
339.347
339.224
339.111
338.993
338.874
338.758
338.621
338.486
338.368
338.257
338.133
338.02
337.886
337.761
337.613
337.46
337.33
337.223
337.09
336.979
336.843
336.707
336.556
336.41
336.286
336.15
336.019
335.896
335.757
335.638
335.517
335.396
335.282
335.173
335.042
334.9
334.726
334.6
334.469
334.343
334.221
334.086
333.964
333.817
333.672
333.532
333.424
333.299
333.179
333.057
332.923
332.791
332.662
332.509
332.367
332.249
332.13
332.003
331.899
331.75
331.629
331.503
331.386
331.238
331.114
330.983
330.856
330.713
330.591
330.462
330.34
330.188
330.008
329.882
329.756
329.64
329.505
329.384
329.23
329.11
328.995
328.862
328.735
328.609
328.489
328.366
328.233
328.109
327.989
327.833
327.715
327.595
327.466
327.311
327.173
327.033
326.906
326.763
326.648
326.523
326.408
326.259
326.133
326.005
325.873
325.744
325.617
325.486
325.348
325.214
325.103
324.965
324.854
324.721
324.586
324.451
324.333
324.208
324.099
323.965
323.841
323.717
323.582
323.458
323.319
323.18
323.055
322.92
322.791
322.652
322.531
322.371
322.261
322.122
322.015
321.866
321.755
321.631
321.505
321.387
321.267
321.143
320.999
320.845
320.727
320.611
320.474
320.347
320.217
320.1
319.987
319.864
319.737
319.616
319.506
319.389
319.269
319.152
319.023
318.892
318.765
318.647
318.531
